168,4
168,3
168,2
168,1
168,0
167,4
167,3
167,2
167,1
167,0
166,3
166,2
166,1
166,0
165,4
165,3
165,2
165,1
165,0
164,3
164,2
164,1
164,0
163,4
163,3
163,2
163,1
163,0
162,4
162,3
162,2
162,1
162,0
161,3
161,2
161,1
161,0
160,4
160,3
160,2
160,1
160,0
159,3
159,2
159,1
159,0
158,4
158,3
158,2
158,1
158,0
157,4
157,3
157,2
157,1
157,0
156,3
156,2
156,1
156,0
155,4
155,3
155,2
155,1
155,0
154,3
154,2
154,1
154,0
153,4
153,3
153,2
153,1
153,0
152,4
152,3
152,2
152,1
152,0
151,3
151,2
151,1
151,0
150,4
150,3
150,2
150,1
150,0
149,3
149,2
149,1
149,0
148,4
148,3
148,2
148,1
148,0
147,4
147,3
147,2
147,1
147,0
146,3
146,2
146,1
146,0
145,4
145,3
145,2
145,1
145,0
144,3
144,2
144,1
144,0
143,4
143,3
143,2
143,1
143,0
142,4
142,3
142,2
142,1
142,0
141,3
141,2
141,1
141,0
140,4
140,3
140,2
140,1
140,0
139,3
139,2
139,1
139,0
138,4
138,3
138,2
138,1
138,0
137,4
137,3
137,2
137,1
137,0
136,3
136,2
136,1
136,0
135,4
135,3
135,2
135,1
135,0
134,3
134,2
134,1
134,0
133,4
133,3
133,2
133,1
133,0
132,4
132,3
132,2
132,1
132,0
131,3
131,2
131,1
131,0
130,4
130,3
130,2
130,1
130,0
129,3
129,2
129,1
129,0
128,4
128,3
128,2
128,1
128,0
127,4
127,3
127,2
127,1
127,0
126,3
126,2
126,1
126,0
125,4
125,3
125,2
125,1
125,0
124,3
124,2
124,1
124,0
123,4
123,3
123,2
123,1
123,0
122,4
122,3
122,2
122,1
122,0
121,3
121,2
121,1
121,0
120,4
120,3
120,2
120,1
120,0
119,3
119,2
119,1
119,0
118,4
118,3
118,2
118,1
118,0
117,4
117,3
117,2
117,1
117,0
116,3
116,2
116,1
116,0
115,4
115,3
115,2
115,1
115,0
114,3
114,2
114,1
114,0
113,4
113,3
113,2
113,1
113,0
112,4
112,3
112,2
112,1
112,0
111,3
111,2
111,1
111,0
110,4
110,3
110,2
110,1
110,0
109,3
109,2
109,1
109,0
108,4
108,3
108,2
108,1
108,0
107,4
107,3
107,2
107,1
107,0
106,3
106,2
106,1
106,0
105,4
105,3
105,2
105,1
105,0
104,3
104,2
104,1
104,0
103,4
103,3
103,2
103,1
103,0
102,4
102,3
102,2
102,1
102,0
101,3
101,2
101,1
101,0
100,4
100,3
100,2
100,1
100,0
99,3
99,2
99,1
99,0
98,4
98,3
98,2
98,1
98,0
97,4
97,3
97,2
97,1
97,0
96,3
96,2
96,1
96,0
95,4
95,3
95,2
95,1
95,0
94,3
94,2
94,1
94,0
93,4
93,3
93,2
93,1
93,0
92,4
92,3
92,2
92,1
92,0
91,3
91,2
91,1
91,0
90,4
90,3
90,2
90,1
90,0
89,3
89,2
89,1
89,0
88,4
88,3
88,2
88,1
88,0
87,4
87,3
87,2
87,1
87,0
